*	* * *
581830.05	-1090432.88
575423.69	-1111615.44
582821.74	-1119524.58
580751.60	-1129364.51
568565.41	-1126940.89
562366.54	-1117752.56
552004.14	-1120981.58
547818.45	-1129729.37
547004.76	-1138004.95
556180.35	-1144161.38
552727.67	-1151636.53
557106.73	-1161182.17
555039.94	-1165097.23
547765.80	-1164939.92
539444.35	-1147803.02
511263.52	-1158099.50
504696.62	-1155292.39
498883.79	-1147406.19
498038.20	-1133517.15
494340.58	-1135781.56
485279.94	-1133229.84
481633.27	-1139242.56
484184.54	-1153283.78
480403.40	-1164818.10
472841.07	-1172442.62
460627.19	-1188276.36
459809.22	-1198419.48
465286.46	-1205321.52
462205.25	-1211946.29
451374.72	-1212992.99
453368.61	-1208013.13
449582.19	-1198086.92
441923.95	-1192620.83
445793.45	-1183687.82
438046.14	-1178724.98
435369.48	-1180464.27
427436.29	-1177035.53
414978.73	-1162384.06
412775.28	-1155969.29
415345.71	-1139284.48
408977.49	-1137059.45
402359.40	-1141167.94
399476.59	-1148355.61
384429.46	-1158230.97
388911.78	-1167408.95
388024.92	-1173065.76
378650.37	-1179320.09
374793.71	-1189707.61
367025.99	-1191902.52
364474.42	-1198903.70
363329.54	-1200092.86
338236.12	-1191650.22
323924.19	-1199965.99
315448.67	-1198287.65
306049.46	-1203608.43
299673.11	-1202958.49
294432.89	-1196346.24
*	* * *
1044990.55	-1062095.50
1035795.11	-1067131.09
1038728.48	-1085416.32
1020165.35	-1084174.38
1008976.69	-1085501.02
997487.85	-1097208.28
989183.09	-1093713.26
961462.17	-1096426.06
946294.71	-1103837.60
942088.07	-1114611.25
934982.11	-1117440.25
931259.31	-1123289.10
925087.71	-1126584.87
922945.85	-1133401.61
919317.38	-1128560.59
911441.90	-1125802.58
889364.13	-1127816.38
883547.13	-1123498.23
867763.36	-1120124.21
851097.51	-1120488.62
*	* * *
1072504.00	-1081334.05
1067948.13	-1077303.14
1063189.51	-1072449.67
1064158.28	-1065111.32
1061757.97	-1061661.28
1044990.55	-1062095.50
*	* * *
851097.51	-1120488.62
833395.93	-1116355.64
813016.13	-1119151.83
803088.25	-1114887.49
775431.27	-1111631.51
769058.90	-1111681.32
765563.88	-1109120.31
747876.42	-1107170.00
732057.36	-1094698.13
730194.88	-1084577.34
720261.08	-1079892.94
717842.11	-1068915.79
*	* * *
581830.05	-1090432.88
582476.44	-1080755.26
574042.81	-1073730.37
563366.52	-1082557.59
561187.95	-1089040.03
555123.31	-1091043.79
550430.24	-1091279.97
539495.01	-1083397.64
533440.09	-1080191.28
532624.82	-1071542.50
511044.46	-1065812.74
*	* * *
717842.11	-1068915.79
726471.27	-1061332.88
717857.17	-1060284.08
686754.48	-1073915.68
676494.10	-1069715.36
669945.77	-1072758.57
664603.59	-1071257.94
658933.92	-1075306.85
652081.75	-1073107.33
638694.62	-1076338.30
626119.65	-1100185.95
610081.82	-1098855.26
597898.11	-1088580.57
581830.05	-1090432.88
*	* * *
1089883.47	-1104590.81
1071747.70	-1087507.46
1072504.00	-1081334.05
*	* * *
845504.74	-1209669.91
842078.61	-1211139.23
839332.16	-1218945.14
831331.80	-1218012.70
807360.00	-1215046.96
803600.29	-1221192.05
*	* * *
294432.89	-1196346.24
287784.12	-1203256.53
275535.28	-1206656.88
273068.96	-1212590.58
275762.21	-1222503.47
*	* * *
1089883.47	-1104590.81
1112960.92	-1117062.94
1115151.10	-1120415.93
1123165.52	-1129701.32
1141225.61	-1136410.41
1154841.63	-1155797.55
1162516.40	-1160974.02
1179524.77	-1159901.29
1186877.77	-1168719.98
1206193.67	-1174755.95
1209611.15	-1172567.81
1253661.20	-1172340.71
1264268.77	-1163195.28
1270665.36	-1148881.98
*	* * *
851097.51	-1120488.62
849259.10	-1130874.86
842591.57	-1131493.46
830592.67	-1141791.02
826549.83	-1149528.02
830190.34	-1156813.62
848902.88	-1162762.95
847193.18	-1167959.29
836571.78	-1178256.88
837016.13	-1181905.81
836378.76	-1184399.91
839817.47	-1187572.74
848753.49	-1186743.81
845256.33	-1200511.91
846722.90	-1205652.22
846733.93	-1207052.73
864185.16	-1214347.91
*	* * *
990740.97	-1206087.81
993331.28	-1201070.81
999148.65	-1196900.19
1012533.77	-1189146.93
1021207.85	-1189492.98
1022352.71	-1172505.73
1022562.73	-1166952.57
1021127.41	-1162522.83
1014419.37	-1159879.92
1011862.51	-1153225.22
1015233.17	-1144249.03
1024886.84	-1143786.77
1026589.87	-1140767.37
1026017.20	-1137729.66
1032584.09	-1134639.78
1043114.36	-1129564.06
1050597.83	-1118554.49
1066804.37	-1119012.80
1060426.67	-1106189.68
1071117.45	-1098933.52
1089883.47	-1104590.81
*	* * *
511044.46	-1065812.74
512221.18	-1054941.04
*	* * *
505004.17	-1040659.84
501819.19	-1050955.85
503261.60	-1060502.54
500312.80	-1066801.07
511044.46	-1065812.74
*	* * *
512221.18	-1054941.04
505004.17	-1040659.84
*	* * *
505004.17	-1040659.84
511475.55	-1030663.74
515062.71	-1028152.04
514932.86	-1021746.01
509061.05	-1015418.17
507530.27	-1008264.52
*	* * *
294432.89	-1196346.24
287277.30	-1180966.64
281826.05	-1179720.42
282625.22	-1172038.04
275473.64	-1167176.29
280699.04	-1153117.30
275167.45	-1143839.23
278981.18	-1134627.33
254344.77	-1129979.68
236926.99	-1136106.41
228139.49	-1145428.89
233627.31	-1153133.57
232619.78	-1156323.78
220556.13	-1164780.87
204689.91	-1165526.08
207502.45	-1156714.94
218686.89	-1151775.97
220365.96	-1144263.52
223348.41	-1137987.27
216057.93	-1132031.21
223353.28	-1115486.44
223719.07	-1111100.47
249537.83	-1091993.07
252155.81	-1082000.35
252754.05	-1070615.25
267813.45	-1064288.08
286975.85	-1046386.23
300839.70	-1026951.76
292860.06	-1022431.95
295231.53	-1014695.87
302526.26	-1006656.61
311119.16	-1007226.85
315643.03	-1014659.97
326616.08	-1015532.18
327506.59	-1015450.52
328713.47	-1016280.15
330978.05	-1016685.63
334315.10	-1015103.33
336329.66	-1013360.86
341873.02	-1008721.05
345765.49	-1001483.14
348626.94	-998580.09
*	* * *
436140.82	-990101.87
446201.31	-991428.97
445152.25	-987001.99
447815.19	-986165.83
452528.74	-994054.44
465558.10	-990799.32
477292.89	-994328.82
493145.63	-998341.81
502438.75	-1007081.35
507530.27	-1008264.52
*	* * *
348626.94	-998580.09
352119.56	-1002162.17
358447.91	-1005012.67
373219.49	-999969.13
375395.00	-1003802.07
384746.07	-1004309.72
399664.48	-997230.78
416111.50	-1003593.93
423728.83	-996863.09
427221.30	-1000080.22
429882.29	-999416.95
430935.24	-991868.96
422533.29	-994049.18
416337.27	-990506.41
415901.71	-987750.59
423515.92	-978899.64
431916.93	-976143.38
439089.86	-983929.46
439129.15	-987141.87
435571.28	-989965.76
436140.82	-990101.87
*	* * *
1113565.29	-917319.63
1109900.04	-921518.30
1109858.90	-930227.75
1105632.47	-935901.23
1108688.38	-941371.93
1109742.99	-953679.59
1097906.52	-957370.78
1094044.84	-955344.71
1087130.41	-959413.66
1081655.13	-953987.80
1072901.79	-952286.31
1059491.65	-964714.09
1078889.30	-968980.84
1083728.60	-977041.37
1080497.44	-988581.89
1067052.02	-995644.71
1064649.17	-1001664.82
1069397.79	-1009272.05
1066951.73	-1020541.08
1074533.87	-1026927.95
1071436.89	-1032197.40
1073816.07	-1035854.21
1072498.53	-1043064.18
1058125.83	-1045142.34
1044990.55	-1062095.50
*	* * *
183174.93	-348258.37
180462.75	-351238.68
178259.01	-350111.79
175843.96	-352819.04
175405.64	-348356.61
176605.58	-343972.52
179187.93	-339802.25
186295.02	-330670.94
187662.46	-330795.31
190456.79	-336645.75
189060.49	-343187.56
186232.04	-347011.58
183174.93	-348258.37
*	* * *
941385.80	-817778.51
946964.64	-822650.74
959907.34	-818090.72
974796.35	-825200.37
991845.64	-830116.41
999039.27	-828375.62
1018009.95	-838852.95
1036355.81	-839541.06
1043042.86	-837503.76
1048591.78	-830174.63
1055422.25	-829317.78
1067612.19	-835885.04
1081619.82	-837101.40
1087325.04	-847493.16
*	* * *
843507.15	-852135.79
857223.72	-859671.97
860245.65	-864209.42
859162.44	-867078.96
864717.65	-871734.10
884026.19	-874445.49
894133.48	-864558.15
911787.58	-869297.67
914070.36	-856848.42
919831.38	-846272.07
931410.53	-845239.47
932146.73	-816712.42
941385.80	-817778.51
*	* * *
348626.94	-998580.09
343554.82	-987817.82
345939.67	-980118.99
345569.23	-974227.60
352585.76	-952718.29
349692.18	-944904.72
350326.80	-935964.32
350405.77	-935284.46
359236.61	-919485.10
363998.54	-910340.32
371239.74	-879369.41
381994.64	-867101.18
383298.35	-865634.05
393839.83	-855286.79
400478.60	-841571.48
405590.65	-837005.31
392939.78	-832721.76
380870.56	-826875.03
359559.49	-825006.48
351552.96	-819238.70
348107.15	-811565.94
339427.39	-811412.04
333486.10	-815903.84
325532.42	-815880.53
318681.10	-811055.79
314675.21	-814404.83
312919.02	-806754.17
300283.68	-803602.49
296693.96	-809727.99
290306.92	-807502.30
289890.99	-802071.28
280035.72	-788178.51
278455.81	-777712.36
270567.62	-771387.26
264250.38	-770891.50
*	* * *
1198369.09	-726738.74
1191885.68	-739327.53
1187829.67	-740958.94
1187806.37	-747094.24
1183043.06	-751404.23
1171905.25	-758923.91
1168100.34	-786292.86
1158089.82	-790785.85
1155277.41	-801010.30
1148419.54	-803285.14
1138677.64	-812617.85
1131530.68	-817812.86
1123954.13	-816374.70
1119927.89	-819979.41
1102742.57	-815891.69
1093097.36	-830129.60
1087325.04	-847493.16
*	* * *
222827.02	-758988.71
228166.72	-765209.65
235992.14	-770576.85
243825.13	-770629.49
252931.45	-765656.98
264250.38	-770891.50
*	* * *
1113565.29	-917319.63
1120348.56	-915820.48
1128721.95	-918321.31
1139057.66	-928217.13
1160649.20	-940924.02
1175977.68	-941174.17
1234894.92	-930133.00
*	* * *
1087325.04	-847493.16
1089234.87	-856990.40
1082894.71	-869368.39
1084459.54	-879433.72
1092892.93	-889354.06
1096543.34	-899585.40
1104472.12	-905025.09
1106485.08	-914472.10
1113565.29	-917319.63
*	* * *
507530.27	-1008264.52
518659.59	-1009593.85
526534.38	-1003492.81
531848.97	-1008679.22
540595.34	-1007881.90
543158.79	-1015430.34
550003.53	-1019649.48
551484.04	-1029330.36
559225.63	-1027195.01
560862.19	-1030738.33
557713.21	-1040849.85
568414.46	-1037012.69
574322.81	-1030667.76
581150.41	-1020770.26
578815.73	-1012264.23
579913.87	-1006595.94
587910.47	-1008745.87
594654.95	-1005395.64
606871.91	-1010603.73
614831.32	-1008449.49
614772.63	-1014756.20
620792.28	-1018801.65
623608.73	-1025113.54
625660.49	-1025048.91
641139.40	-1020666.55
645801.39	-1023714.54
651185.67	-1018804.49
658361.03	-1018560.30
656191.32	-1015368.89
657304.65	-1012557.29
669241.29	-1009884.34
674986.24	-1000489.63
690827.32	-1000833.48
709386.14	-996242.01
720192.00	-996073.37
718034.19	-986816.61
722430.32	-983553.63
724424.49	-983098.55
725471.00	-987738.67
731364.33	-986045.84
738723.23	-986690.76
745121.44	-993518.52
750771.43	-992945.48
753697.22	-988181.27
760219.80	-986552.40
768110.38	-992330.13
769628.67	-1000812.21
779314.88	-1008011.28
786685.35	-1010390.62
789417.52	-1004408.75
791512.13	-986584.87
786742.83	-981433.37
777854.62	-980937.49
783236.81	-964739.38
778221.63	-955385.39
773021.85	-952482.27
771573.27	-948499.34
762243.65	-935119.61
771616.99	-924626.83
777031.14	-923209.13
784005.47	-916350.22
794886.91	-911819.28
802753.29	-910422.82
812115.01	-901658.19
814969.61	-885584.08
813759.12	-880472.84
819342.82	-875133.78
836718.86	-883297.83
843186.46	-870998.47
840572.39	-859216.52
843507.15	-852135.79
*	* * *
264250.38	-770891.50
265849.83	-761356.64
270696.60	-748571.46
276310.40	-742228.50
277537.33	-734746.43
275067.99	-730060.41
263985.25	-726569.90
258770.90	-720815.21
250503.89	-701839.40
251892.49	-692209.97
*	* * *
251892.49	-692209.97
243831.35	-685441.07
233910.47	-693488.25
230952.00	-700471.65
223076.59	-711617.76
220019.79	-722507.38
220526.19	-728665.97
228336.64	-739457.58
229953.78	-746382.70
226323.93	-756028.39
222827.02	-758988.71
*	* * *
248185.08	-618614.09
255077.67	-623999.77
259336.29	-632963.57
264577.20	-635225.60
259181.16	-641441.58
259046.00	-646718.24
268057.81	-650128.17
271567.08	-656442.72
270097.85	-664109.34
273453.30	-670876.57
266614.97	-671646.11
256941.98	-679543.18
251892.49	-692209.97
*	* * *
222827.02	-758988.71
216431.85	-758589.68
195821.91	-762732.02
191034.85	-748179.74
185463.74	-747234.46
183793.16	-740176.49
173750.27	-734838.27
160600.97	-723791.46
152738.19	-721951.06
154873.67	-710209.10
149620.88	-703504.94
153060.91	-694139.41
156588.95	-683015.66
151196.65	-682021.14
143045.49	-688776.31
142472.14	-693169.32
140593.62	-699021.01
121481.81	-703652.81
106622.74	-700263.46
99912.10	-697107.57
106200.93	-685935.57
102568.78	-677093.72
107455.73	-665854.92
96023.60	-651908.40
85728.59	-653860.34
76714.14	-650776.07
71704.19	-653536.75
69062.01	-649306.19
69600.62	-636865.70
66968.55	-633193.20
60297.53	-631606.62
58240.01	-627873.19
50005.31	-630714.67
44254.93	-626813.28
42577.15	-604148.65
39482.34	-598792.64
38139.43	-598536.76
32676.43	-595186.25
26726.69	-595108.72
17548.49	-602437.85
14339.54	-601259.10
*	* * *
899533.34	-600261.03
911659.88	-599206.14
912368.06	-589310.35
909993.79	-584855.52
912007.71	-582178.64
923260.70	-581942.19
931608.14	-586007.54
933126.00	-593961.69
941605.90	-606579.40
946407.68	-603896.97
953002.36	-606117.75
970136.30	-608682.69
974091.85	-608028.89
979013.69	-615542.92
987235.38	-614162.26
990901.34	-622601.64
996661.50	-615462.40
1003300.48	-618217.62
1006925.30	-613960.74
1013509.39	-614739.82
1020917.13	-619939.05
1019121.21	-629376.11
1007356.90	-642000.80
1026763.74	-654084.95
1035168.68	-663240.97
1038605.83	-672044.99
1048560.02	-675614.33
1059034.45	-663097.27
1070021.74	-657599.62
1068216.63	-650770.64
1056728.04	-638087.31
1058828.93	-633432.36
1080762.88	-638803.36
1100514.00	-651227.58
1114148.09	-647543.14
1119292.54	-641215.64
1121797.41	-641860.03
1125359.68	-652404.84
1115591.59	-660991.26
1126327.97	-668101.49
1130518.70	-674290.50
1138641.50	-679109.98
1149569.53	-673374.78
1147534.87	-669628.60
1148741.74	-667039.53
1156796.22	-674032.90
1162527.29	-674193.64
1171671.88	-680372.07
1174552.81	-678044.45
1191914.77	-679187.18
1193681.66	-689061.31
1198779.31	-699309.38
*	* * *
843507.15	-852135.79
834608.09	-840244.12
829610.34	-839286.99
819578.20	-830414.78
815163.26	-832725.97
809004.40	-829607.10
805278.59	-819786.95
791088.37	-812748.28
788641.37	-807866.62
775432.56	-792866.84
769125.98	-788754.75
758302.91	-788608.23
745454.59	-774300.85
745395.53	-769293.15
742034.41	-766669.47
735352.54	-750720.49
726238.08	-741875.61
730803.96	-738136.40
736855.03	-724141.14
732222.40	-720672.26
731224.89	-716108.24
714127.80	-707090.69
714047.44	-704173.87
709775.33	-700746.46
709357.62	-693978.34
705846.01	-688412.05
702026.34	-685540.21
703048.80	-680856.83
700925.76	-677068.90
706846.99	-677274.82
718057.94	-693090.71
719136.60	-684883.59
724056.89	-675728.41
736685.89	-665156.35
745619.48	-664858.89
754199.20	-658922.96
763965.47	-664163.48
770476.00	-652029.55
780836.63	-651264.28
785564.29	-641889.75
789627.17	-641926.66
795212.13	-635378.55
800301.15	-638239.66
803741.12	-635016.46
806143.40	-626429.89
814189.39	-623022.73
829058.50	-621910.32
837975.56	-611911.57
866280.60	-599465.47
866959.38	-596478.68
857632.83	-589222.32
860644.27	-581788.00
*	* * *
860644.27	-581788.00
868044.19	-584692.98
873465.39	-582108.58
881172.43	-588026.87
880684.11	-595540.17
885389.04	-595326.40
884574.51	-602991.89
895951.15	-606076.69
899533.34	-600261.03
*	* * *
-93421.76	-647249.34
-85014.44	-648034.09
-89386.17	-635180.80
-87009.14	-629964.67
-81457.06	-630537.24
-82670.38	-628002.77
-85674.73	-626273.40
-86927.59	-623409.40
-83391.99	-610136.43
-81863.89	-607208.19
-82519.95	-603731.30
-81496.17	-589650.93
-77290.48	-581444.99
-77213.47	-570202.79
-72207.35	-568967.55
-65907.69	-563790.50
-62002.21	-562237.80
-39446.36	-558972.24
-31965.19	-557994.28
-3264.20	-554109.78
*	* * *
14339.54	-601259.10
4306.23	-588011.22
-715.10	-586083.94
-1470.45	-575155.14
329.98	-570213.72
-3264.20	-554109.78
*	* * *
-3264.20	-554109.78
1320.63	-552268.16
4986.15	-550500.45
7148.16	-549958.58
9060.05	-549178.99
12606.60	-547638.85
41044.10	-533479.16
47778.39	-529267.54
60328.62	-529006.99
*	* * *
60328.62	-529006.99
60122.25	-540195.55
68450.51	-544387.20
71487.02	-539713.78
76530.28	-538984.62
93909.33	-551395.96
102921.39	-550705.84
112694.55	-547003.75
117425.14	-544286.06
121549.60	-539976.15
123098.04	-538356.64
*	* * *
123098.04	-538356.64
123689.99	-537746.28
124050.29	-535350.84
*	* * *
60328.62	-529006.99
71693.28	-526257.51
*	* * *
71693.28	-526257.51
95719.91	-536574.11
106215.12	-530774.76
113781.73	-536473.97
120249.68	-535502.47
123098.04	-538356.64
*	* * *
161229.31	-531500.96
163799.96	-536709.95
167081.55	-534772.24
*	* * *
167081.55	-534772.24
163875.16	-530901.16
161229.31	-531500.96
*	* * *
167629.96	-527168.86
167980.14	-533335.03
171984.95	-536258.71
183039.29	-528667.89
186936.76	-534863.81
185427.40	-540195.65
188964.09	-547678.05
194755.37	-549506.59
195152.77	-555139.63
214479.19	-552702.14
217823.88	-556121.93
218747.85	-561806.45
237843.70	-570798.86
234316.48	-581823.14
231517.27	-587603.66
228346.31	-596897.66
221997.21	-603657.98
224019.15	-610106.06
223124.35	-616426.96
230076.27	-614944.12
238649.93	-617829.83
248185.08	-618614.09
*	* * *
124050.29	-535350.84
126670.61	-535463.07
135719.13	-537631.25
135434.91	-528375.31
142804.28	-525152.54
145802.36	-525674.86
146760.56	-531198.40
155525.96	-532359.11
162890.62	-524140.98
167629.96	-527168.86
*	* * *
548885.18	-43526.44
540898.78	-58394.21
529886.24	-60761.22
522135.54	-57078.72
531155.69	-68120.33
521929.23	-79688.97
521835.49	-86090.50
518253.81	-91406.77
520613.98	-104257.68
526844.75	-108888.63
521405.58	-116429.35
512202.26	-120229.58
512192.85	-129511.98
509658.59	-133517.59
522127.71	-137446.75
522038.28	-132237.81
528070.66	-129841.29
540833.77	-138348.86
546599.43	-151202.48
541266.52	-154696.59
528553.35	-149748.59
524904.72	-154858.49
516704.47	-149749.11
504941.99	-157296.54
*	* * *
189851.40	-326045.69
188895.96	-329333.68
185900.18	-328175.87
188448.20	-324359.42
189851.40	-326045.69
*	* * *
248185.08	-618614.09
247788.79	-612810.15
252789.16	-606729.08
254334.34	-600424.31
250359.69	-597661.47
249158.21	-592010.39
241890.47	-590967.72
239867.69	-585475.99
241777.67	-582466.47
246333.98	-584066.46
262924.42	-569245.06
256627.95	-569461.35
255915.47	-561979.55
267939.06	-548487.50
267653.44	-530519.84
261176.16	-520516.06
261380.84	-514056.81
251343.14	-502677.47
253442.50	-500141.04
252909.32	-493295.53
260015.19	-490359.83
266508.83	-492286.82
267982.96	-486003.81
284666.70	-495553.18
285700.99	-491755.53
311289.88	-486292.63
315310.80	-478468.23
306826.74	-470971.01
311927.36	-463387.09
318975.92	-462836.37
329049.46	-452278.30
334426.06	-450336.16
332504.56	-444418.91
335020.33	-435085.37
330757.48	-425426.07
325608.30	-426634.76
309918.33	-420580.92
312749.61	-410556.38
311695.40	-404275.64
332603.13	-404155.81
336029.19	-402201.07
338293.13	-384427.91
339849.34	-381439.70
348255.17	-364823.67
349093.88	-350099.34
350249.13	-335170.24
*	* * *
196861.11	-323426.14
192183.67	-327495.78
189765.13	-325728.89
190256.16	-324673.14
196237.65	-321377.49
196861.11	-323426.14
*	* * *
203609.09	-320062.68
198160.35	-322361.94
197448.07	-320278.09
202308.39	-317004.02
203609.09	-320062.68
*	* * *
328215.36	-314998.25
330813.04	-322375.21
335754.94	-326433.43
341559.67	-328309.26
342302.47	-333163.38
350249.13	-335170.24
*	* * *
225790.21	-308859.45
219156.27	-311973.10
216866.68	-311527.23
210525.82	-313756.07
209230.70	-312677.40
212834.57	-308455.50
226468.33	-306136.25
233758.15	-304391.69
235153.86	-306398.21
229795.54	-308851.45
225790.21	-308859.45
*	* * *
124050.29	-535350.84
105512.32	-524273.91
94046.04	-530112.83
85868.23	-522521.47
75672.25	-521678.09
69263.78	-511253.55
77278.09	-505716.51
95490.86	-506010.38
115602.03	-526356.95
122302.02	-526834.75
121180.06	-519598.20
109301.12	-510343.71
112219.64	-505411.38
97977.47	-496548.08
88732.61	-494575.18
90864.59	-490287.56
99491.92	-487895.04
104072.47	-481452.49
114969.94	-479636.85
115818.10	-473346.41
113309.15	-465720.85
123089.64	-462079.65
125930.06	-458987.48
128725.76	-456400.81
142784.65	-442304.28
152842.50	-426839.91
158759.30	-414701.04
163696.59	-399356.85
168433.29	-378567.26
171195.87	-372381.01
176901.26	-355836.33
186341.11	-364207.07
206817.11	-353603.76
220696.73	-344771.76
225343.29	-337668.80
228024.28	-331088.33
239813.77	-321242.80
242049.13	-320394.68
260716.85	-313259.01
281273.88	-311816.31
289602.44	-313476.89
320843.10	-308043.97
327450.69	-310491.49
328215.36	-314998.25
*	* * *
244153.33	-302244.05
251532.98	-303928.57
259420.64	-304012.39
259398.57	-306187.06
255312.11	-306960.14
249649.42	-306024.97
243741.97	-307643.09
241484.68	-304684.50
244153.33	-302244.05
*	* * *
286630.64	-304667.95
278261.40	-304540.38
277670.31	-303557.62
278969.13	-301075.52
287535.39	-300776.62
286630.64	-304667.95
*	* * *
323239.06	-291591.03
318216.12	-296939.40
314941.05	-294637.05
314362.92	-292544.71
321589.74	-290460.88
323239.06	-291591.03
*	* * *
331405.48	-288076.97
330705.36	-290065.49
329735.85	-289657.86
328992.50	-288275.03
329123.03	-287716.53
331039.16	-286981.17
*	* * *
331039.16	-286981.17
330425.02	-285716.38
331774.41	-284674.63
331948.26	-286330.03
*	* * *
834162.03	-276668.68
847263.64	-318178.03
847853.45	-320125.12
849702.15	-326221.24
846008.02	-334389.35
845642.99	-348622.72
831862.67	-361929.48
833319.49	-369440.93
832626.56	-376696.38
838654.63	-378770.12
854735.75	-392832.91
864259.00	-398511.53
868927.01	-403738.52
869464.11	-413944.99
864204.77	-425167.90
870047.69	-438996.03
877610.75	-442021.47
877441.60	-455634.27
882930.08	-461454.92
880842.04	-469645.59
880516.72	-479383.03
874135.99	-490615.98
886618.41	-508577.76
887610.61	-514251.46
885801.00	-518159.81
887091.32	-524075.80
903071.43	-530642.48
905654.60	-541936.66
910936.70	-552537.73
909643.21	-569544.39
904325.99	-590586.77
899533.34	-600261.03
*	* * *
358357.67	-282157.44
350551.11	-282408.71
350230.81	-280996.35
351571.12	-279862.80
358585.17	-280062.77
358357.67	-282157.44
*	* * *
418640.98	-285120.26
415780.24	-285353.64
414880.61	-282414.58
415733.89	-279978.48
418610.45	-281092.82
418640.98	-285120.26
*	* * *
372654.14	-281292.14
369166.81	-281327.00
371377.56	-276334.86
374246.68	-276284.20
372654.14	-281292.14
*	* * *
387163.64	-276622.31
385379.50	-279376.28
383209.36	-277153.53
385104.55	-274299.50
387163.64	-276622.31
*	* * *
392333.07	-274345.63
391308.74	-278365.55
386406.44	-275687.69
387265.01	-273952.87
392333.07	-274345.63
*	* * *
829031.31	-257608.38
817699.42	-258425.36
810819.12	-264206.30
819402.06	-270920.52
830715.72	-271587.32
834162.03	-276668.68
*	* * *
834162.03	-276668.68
837128.09	-272152.00
856471.37	-284533.55
857728.13	-280914.80
852876.24	-274044.63
856342.07	-264170.57
852386.90	-257511.49
841784.96	-254521.92
841324.46	-259001.74
836609.06	-262356.08
829031.31	-257608.38
*	* * *
829400.29	-250420.27
829031.31	-257608.38
*	* * *
443519.02	-260747.90
441592.91	-263677.44
438990.44	-262821.38
441745.70	-256667.24
443519.02	-260747.90
*	* * *
650442.71	-242054.36
647157.97	-245565.32
645585.96	-242840.42
648886.90	-238852.14
650442.71	-242054.36
*	* * *
454643.72	-195027.16
451480.01	-195624.76
449093.02	-191672.85
449895.70	-190392.89
455912.41	-187923.74
457439.97	-188376.30
456405.91	-192643.25
454643.72	-195027.16
*	* * *
750377.38	-180420.53
751459.24	-186460.90
747678.17	-186611.87
748664.18	-181486.53
750377.38	-180420.53
*	* * *
448517.08	-189141.73
446203.39	-189602.26
444560.70	-185959.19
447962.75	-183254.83
448517.08	-189141.73
*	* * *
437247.09	-180864.16
434729.08	-181776.49
429793.14	-174621.91
433227.79	-171417.08
434628.31	-176675.55
437247.09	-180864.16
*	* * *
448264.51	-173606.79
442872.77	-173515.04
437383.09	-171058.13
436947.46	-169365.27
439809.75	-165638.54
446326.87	-164964.42
449812.00	-166714.96
450302.66	-169296.12
448264.51	-173606.79
*	* * *
432236.83	-161162.58
430222.45	-166851.88
428347.67	-163841.91
429283.94	-159658.99
432236.83	-161162.58
*	* * *
829400.29	-250420.27
840323.22	-250498.39
863298.48	-236831.11
864395.85	-241114.04
870461.50	-233727.10
905386.28	-217509.25
914176.70	-214844.68
916212.22	-213265.71
924226.96	-210803.31
935356.74	-205112.71
952951.88	-198356.33
960863.46	-190556.66
971360.14	-174321.55
975849.93	-167324.90
987666.82	-161522.48
1000562.95	-156881.07
1022447.92	-138361.31
1048235.16	-129220.65
1067427.38	-121172.88
1090829.67	-117682.66
1096515.16	-120957.99
1097553.18	-128483.26
1108854.66	-143550.32
1112010.46	-155810.74
1116182.07	-160882.79
*	* * *
492000.18	-154936.40
495122.03	-159695.67
501475.97	-158146.82
504941.99	-157296.54
*	* * *
504941.99	-157296.54
505115.33	-158297.25
506396.04	-160426.86
509669.32	-158406.67
515713.36	-154840.51
534110.42	-166439.06
537604.84	-162379.25
539859.75	-163571.96
545265.43	-179832.14
539051.60	-197651.38
549824.47	-198837.62
554449.20	-203137.47
554856.12	-213113.48
558787.28	-205730.39
566391.96	-203206.26
591036.34	-217495.22
605064.45	-208995.02
615597.40	-207885.75
615639.42	-202618.15
610827.27	-199657.07
611569.67	-197774.69
613956.42	-191710.17
624723.26	-194540.07
626285.62	-197482.97
630098.35	-204643.93
620523.92	-205707.51
616079.08	-211552.81
616208.43	-228509.51
613299.09	-232097.63
595829.69	-243625.70
594888.54	-249262.76
600084.64	-253301.30
604394.32	-257262.95
621464.10	-250412.67
629076.60	-258928.17
633755.58	-257509.98
641141.19	-261395.20
643157.31	-256399.23
637889.18	-254969.28
637094.34	-252152.97
648731.67	-248124.60
656766.26	-234451.76
677684.50	-230388.60
686381.68	-228819.60
690958.14	-221875.05
696486.82	-218187.88
701075.65	-213086.39
705195.65	-215558.78
708596.46	-212889.89
710669.77	-207833.29
709861.45	-201335.74
713749.32	-196889.13
730218.31	-205451.10
734690.67	-199310.35
742488.12	-199387.68
753078.53	-211731.21
756028.91	-201651.96
754130.91	-189408.52
761647.38	-171806.08
767456.59	-172033.30
769049.50	-178271.67
767302.75	-182544.74
776091.48	-193402.39
777906.05	-191016.10
776000.04	-182271.38
785012.36	-182047.58
783823.33	-193917.53
790854.15	-206463.22
776887.98	-208553.38
766613.62	-219617.66
766303.43	-224118.85
777175.79	-233682.63
799689.53	-225130.26
806995.87	-235998.28
806260.57	-240461.45
800328.37	-243161.78
807371.95	-255543.70
808891.57	-253913.19
808526.13	-246393.90
815241.85	-246148.49
815564.39	-239935.15
829400.29	-250420.27
*	* * *
350249.13	-335170.24
354526.96	-325859.97
336484.56	-320991.97
340457.12	-302259.10
345973.09	-301446.42
344703.93	-296531.00
349421.60	-290483.03
358414.26	-285395.25
375949.41	-286552.17
393815.13	-283521.56
407156.79	-283918.07
409861.15	-290996.45
412734.04	-292202.80
416076.99	-297299.32
417187.93	-304361.12
410172.55	-307332.80
411839.31	-313067.06
419028.80	-318773.57
423337.58	-319324.11
426787.70	-313869.35
426542.09	-306693.04
422319.84	-304065.28
426669.67	-296054.96
444086.72	-306126.88
440333.53	-298671.52
441962.69	-296739.97
439865.14	-287241.49
444823.39	-272152.92
448615.32	-266115.02
454122.91	-264180.15
461138.31	-270763.05
476489.04	-271186.18
493814.09	-267673.13
488878.91	-266178.05
472884.33	-263730.71
464296.90	-249236.73
473499.71	-246143.82
471022.92	-238370.85
465745.20	-236861.76
463118.99	-230640.26
465682.60	-221452.37
455463.90	-218602.40
452290.14	-214849.60
456078.94	-207692.73
467853.43	-204258.79
471909.59	-199005.33
466250.16	-195554.72
466922.99	-182045.35
454380.91	-159125.26
453427.90	-147312.32
*	* * *
453427.90	-147312.32
484759.76	-152279.37
492000.18	-154936.40
*	* * *
562998.90	-147856.01
567119.53	-150607.18
570664.31	-149655.31
572451.06	-152434.35
575587.06	-150927.90
576963.10	-155951.82
571056.43	-158641.27
565526.96	-154146.55
562180.24	-148769.58
562998.90	-147856.01
*	* * *
641016.96	-155674.31
644369.98	-156369.17
651955.69	-152621.15
652450.64	-149195.85
657740.97	-149852.77
658721.19	-142257.98
663896.86	-141189.41
676842.57	-147863.90
678565.19	-146971.33
677136.29	-144024.03
678618.18	-143919.60
683384.26	-150677.99
684725.63	-154831.71
679338.62	-163957.58
674179.45	-171511.93
673354.42	-185547.06
667736.10	-176359.55
668877.20	-169233.27
667183.93	-167981.18
662466.50	-176878.88
652361.09	-175582.70
640149.98	-181230.03
631535.63	-175978.80
609341.40	-164103.58
608771.76	-160036.36
613610.37	-159033.65
612923.36	-153543.73
610688.68	-149358.33
614284.99	-144679.73
623710.74	-142146.93
630838.43	-145999.16
634094.33	-150188.01
639825.49	-152951.10
641016.96	-155674.31
*	* * *
436581.86	-149096.49
441476.99	-150989.59
441984.03	-152555.50
438777.58	-154340.71
433818.22	-150546.74
430946.78	-153752.52
430259.15	-152613.91
431112.24	-146768.56
433969.80	-139786.02
435477.63	-141455.32
435460.44	-147141.06
436581.86	-149096.49
*	* * *
638495.14	-143009.33
635088.03	-146706.96
633696.70	-144743.28
635747.02	-140153.22
638495.14	-143009.33
*	* * *
646673.40	-140020.54
644348.42	-143598.20
641600.79	-138818.89
645154.16	-137821.78
646673.40	-140020.54
*	* * *
440946.56	-134950.19
435953.00	-138157.96
435340.77	-137127.16
438232.13	-130629.05
440863.11	-131655.26
440946.56	-134950.19
*	* * *
691225.28	-128514.77
695074.14	-132041.00
704686.89	-132187.21
708784.03	-133828.22
710988.91	-139062.94
708155.04	-141134.09
699884.34	-138990.88
695187.90	-140708.40
688598.71	-148926.68
684356.95	-149143.85
682086.11	-145051.87
684396.94	-142089.97
684256.32	-139217.34
688183.19	-139172.05
692246.88	-136999.43
693013.60	-133961.16
690718.27	-130746.51
689431.71	-133105.93
686263.07	-130284.92
687544.30	-127613.01
691225.28	-128514.77
*	* * *
595757.64	-153831.95
589454.80	-168742.79
586082.99	-159586.60
587088.24	-153942.66
589306.77	-150725.78
588988.66	-145903.74
596797.77	-137312.13
603067.53	-124170.98
604095.19	-125100.57
602614.62	-135447.87
595757.64	-153831.95
*	* * *
546462.50	-123336.75
545166.87	-124908.96
541370.24	-123168.85
542835.72	-118920.39
546462.50	-123336.75
*	* * *
619903.20	-119755.56
618537.24	-123932.93
615789.61	-118561.86
618679.02	-116665.33
619903.20	-119755.56
*	* * *
449604.08	-127450.79
446324.95	-130111.26
443571.15	-128225.91
442687.04	-124722.38
444675.11	-114455.22
446461.57	-112839.45
451368.91	-115247.55
448566.02	-121000.14
449604.08	-127450.79
*	* * *
622893.49	-115868.18
619338.73	-115942.27
618941.97	-111732.64
619830.79	-110117.54
621312.47	-111281.13
622893.49	-115868.18
*	* * *
450443.76	-107300.43
447729.76	-107488.60
446884.81	-104967.80
448281.56	-102987.27
451706.90	-103979.59
450443.76	-107300.43
*	* * *
857121.68	-96071.43
865231.42	-100406.67
866928.24	-99743.16
868523.81	-101964.98
873428.99	-105283.99
879764.72	-108064.79
880339.73	-114285.37
877952.57	-118960.50
878794.66	-121643.02
876533.52	-124888.61
868531.56	-123761.31
863345.72	-121122.07
853644.47	-118103.91
849344.92	-114604.68
850623.96	-110822.99
849663.53	-103429.21
850090.83	-100043.07
853315.32	-91260.41
857121.68	-96071.43
*	* * *
531984.09	-99333.41
532580.70	-105168.33
528769.03	-105081.41
528829.46	-102571.27
531984.09	-99333.41
*	* * *
444088.03	-95953.16
441095.74	-97187.95
437566.44	-88876.81
434831.92	-84815.83
437836.37	-82962.95
440151.53	-83570.44
439997.69	-86819.64
442962.41	-87349.96
443862.61	-90662.30
442695.24	-92291.68
444088.03	-95953.16
*	* * *
616236.89	-75624.19
615365.77	-80358.75
611936.20	-79569.74
612995.63	-75632.12
616236.89	-75624.19
*	* * *
575149.82	-76145.89
572041.27	-86521.71
572736.56	-87982.40
581789.61	-82934.91
581992.14	-79177.81
583704.71	-73600.46
583725.72	-70282.81
588256.22	-76009.45
590919.37	-82470.92
586902.49	-86870.79
595381.76	-100442.44
596070.93	-115254.26
592344.05	-128565.95
587189.67	-136249.27
588775.33	-138017.45
587083.45	-143462.48
585199.84	-139205.62
582418.61	-143328.92
578750.65	-142007.31
577684.23	-134853.92
559676.39	-128267.33
553883.37	-128508.59
554565.62	-134803.18
553020.16	-136150.20
550367.58	-131552.01
551724.60	-130130.32
550465.19	-126809.38
552714.77	-123623.90
552152.55	-120926.79
543552.42	-115628.20
542332.35	-115628.11
536848.63	-110604.50
534284.15	-98326.37
531153.21	-96937.35
531966.99	-93385.53
522919.45	-80939.25
530818.48	-75721.23
534329.07	-79572.03
539249.40	-79671.65
555095.39	-69047.28
563874.56	-68170.83
575149.82	-76145.89
*	* * *
722578.69	-63692.65
721217.69	-65036.03
719104.23	-61763.59
719628.42	-58002.91
721759.85	-57807.84
722578.69	-63692.65
*	* * *
675585.22	-59563.24
676857.95	-60003.44
678518.87	-52866.18
677082.95	-46873.22
675506.21	-46931.54
673876.71	-52467.34
670312.85	-52887.12
670382.34	-57760.00
675585.22	-59563.24
*	* * *
564845.89	-50993.37
564028.76	-54341.98
561113.28	-52904.86
563224.27	-46868.91
564845.89	-50993.37
*	* * *
661922.40	-47349.51
661167.95	-52450.00
657615.54	-48230.40
659719.36	-46765.92
660279.17	-43499.00
661922.40	-47349.51
*	* * *
617610.00	-40137.62
*	* * *
584386.18	-47229.12
583050.77	-50790.93
578590.17	-50543.19
576803.40	-44466.02
577038.27	-41066.81
*	* * *
584483.13	-41904.51
584386.18	-47229.12
*	* * *
708522.03	-42504.25
709051.12	-52267.48
715450.63	-63320.50
715354.58	-66913.13
708959.94	-70410.34
704383.20	-62116.87
702952.86	-65807.50
695498.70	-67453.43
687921.35	-73442.42
685662.18	-81759.58
686974.85	-87027.03
697726.26	-92577.48
700496.59	-100663.91
683926.21	-114215.70
684054.43	-128867.42
681967.94	-135556.58
677319.14	-138187.77
669567.77	-135762.06
660680.09	-128467.32
655338.96	-117524.78
624479.03	-110318.07
617781.60	-98374.91
619916.96	-88779.00
616499.23	-72215.35
608499.45	-57420.81
626610.93	-51223.74
637536.67	-39306.71
*	* * *
651782.27	-44734.20
655620.57	-51817.07
657644.87	-61395.15
663518.12	-52257.72
663033.72	-45409.95
667949.36	-39331.75
*	* * *
708522.03	-42504.25
*	* * *
453427.90	-147312.32
456625.74	-118932.09
454767.92	-93517.38
452343.60	-88658.22
442855.96	-83646.93
432625.95	-71298.14
430770.82	-72567.91
430047.54	-78954.88
420890.02	-72614.02
426113.84	-43519.45
*	* * *
-45527.71	-346236.20
-38850.45	-355281.98
-36299.15	-367450.92
-37832.93	-380049.84
-40859.91	-394151.17
-58527.76	-429367.63
*	* * *
813615.56	-33178.06
813464.36	-47266.47
823697.11	-65184.10
813726.32	-84137.21
806558.91	-85037.19
796633.34	-80559.90
785073.45	-81772.47
759938.48	-92938.22
728263.35	-88761.57
728106.33	-85807.82
734012.28	-82965.84
731290.57	-67594.01
739039.04	-56337.46
730894.39	-48013.91
729139.25	-39606.97
*	* * *
331039.16	-286981.17
331405.48	-288076.97
*	* * *
331948.26	-286330.03
331155.06	-287166.01
331039.16	-286981.17
*	* * *
